439.6326765198454 845.1103613326474 5 5
920.3638424091857 594.726073974842 5 5
122.74874033537142 946.365546206897 5 5
50.77131745918329 433.0616798136956 5 5
938.7834477376111 504.73045139420805 5 5
994.5733208011386 745.5936868949691 5 5
708.0669152508136 342.3335485961592 5 5
567.95764440517 901.3483507149346 5 5
803.704463251592 392.2771194147402 5 5
459.77877941708675 443.49690480216077 5 5
363.06662293031025 444.7497655286752 5 5
34.37404726634685 63.09156553133932 5 5
706.6291005557975 111.05387891201501 5 5
37.643419726232864 367.6347705982452 5 5
55.60567883931089 971.3989708266387 5 5
460.0562715072778 321.7637056366256 5 5
656.7156741566494 946.9537054143113 5 5
200.18540177288213 640.0434476324156 5 5
872.0646570629303 405.7251767042842 5 5
457.1514752609537 700.2389760305019 5 5
265.6640792579839 276.18041589249555 5 5
134.68519526028723 476.72776639569094 5 5
310.4457995613903 154.2363289525186 5 5
72.91542180514243 365.1298337521787 5 5
546.267977442549 367.0635181472871 5 5
678.0219794142946 825.3434886984688 5 5
573.8901995187807 162.09858160416945 5 5
362.97430898641426 28.45241509329588 5 5
623.6799877454455 178.71471062193012 5 5
770.2646881659983 143.91625714320722 5 5
998.3064880272415 491.8130489499971 5 5
643.2020021331223 411.77990688742295 5 5
167.92662013347416 796.6450332854986 5 5
996.8975859754233 208.88452752342747 5 5
415.4604402669526 664.8254583033465 5 5
686.5751770987096 731.1702944734192 5 5
832.0185710218445 59.95846999315191 5 5
660.100692287826 917.1507014808071 5 5
89.61467352848007 465.80938703181 5 5
759.4372221365696 880.7692052319697 5 5
665.4600393465082 274.4500891918746 5 5
889.17769411857 655.7545565478234 5 5
281.8215908288272 251.2422209107944 5 5
414.0721581597326 604.6552398700427 5 5
27.247624962272955 834.4132134364492 5 5
554.788019056739 464.8694026246254 5 5
387.3432419509634 161.99980197949236 5 5
254.94765499711093 39.94783255554757 5 5
983.3759759085503 331.9357676362221 5 5
307.1833987096517 234.6588826657927 5 5
