0 259.17256185181645 556.061723365519 5 5
1 204.91147826161938 676.8206051703762 5 5
2 111.47432785588984 773.8797870714078 5 5
3 907.9577651908376 424.0316660582023 5 5
4 50.34972591783482 77.57272380031566 5 5
5 79.2474514039917 682.0866621804425 5 5
6 615.8533020869025 156.7473021804474 5 5
7 151.47039250875628 643.1860275423148 5 5
8 244.64610253152085 99.15829471574101 5 5
9 924.7176282768071 505.6598321349824 5 5
10 596.0980234975701 642.2519286877049 5 5
11 548.2841636975658 223.60091608513156 5 5
12 197.965071466383 931.5708467763266 5 5
13 812.4468061124115 923.8528242110906 5 5
14 659.6962116096586 847.3069889761844 5 5
15 200.4934598862955 321.8151741869891 5 5
16 979.1247795961152 373.8265572767587 5 5
17 461.37440507770856 925.7383507234377 5 5
18 53.24102960956445 691.3326894082949 5 5
19 183.72464203433336 279.30305926829146 5 5
20 593.2139045836749 687.3308390525002 5 5
21 975.6261398999534 566.5350941433388 5 5
22 399.5007113800771 586.232203938772 5 5
23 660.3955842301547 949.7100660498802 5 5
24 387.20327543522893 651.4011974216935 5 5
25 957.5212415568428 51.26012647061351 5 5
26 396.39992081753627 722.3163972029649 5 5
27 340.4167782867477 787.1248034320906 5 5
28 849.3833332282394 831.3998119820119 5 5
29 375.2317820668214 981.2042901300671 5 5
30 888.840637259773 733.5263913052607 5 5
31 441.20565373712896 311.78082043698384 5 5
32 178.82852592327225 536.0951966740954 5 5
33 745.30197023402 522.1443604813007 5 5
34 525.6228291866606 34.360209354509784 5 5
35 321.21754476213204 911.1258870826398 5 5
36 736.9130662465769 455.5068172919028 5 5
37 728.8225140395366 441.01479025073445 5 5
38 154.68949562658528 395.6686040889986 5 5
39 816.3067781755069 694.0511267506432 5 5
40 486.52250913430026 282.38565237975877 5 5
41 745.3632338461038 753.0233482411625 5 5
42 604.0055579940372 151.96434705189887 5 5
43 532.0276936899411 375.31907600205005 5 5
44 662.1724108140669 818.7003693840638 5 5
45 628.0882877885431 700.9477382367367 5 5
46 667.7495143597548 565.3810950961084 5 5
47 321.2601155343503 519.9337047098895 5 5
48 441.45217315131134 117.50187358405317 5 5
49 863.9447084195523 426.6404904503953 5 5
