1 242.82018044308583 104.67827948182872 5 0
2 399.42045951571134 819.5173919430375 5 0
6 7.924128877752623 341.1447024765952 5 0
7 367.7465089925898 523.20050044897 5 0
8 187.42003328692513 184.19919573692846 5 0
10 223.16496668739538 936.2199830442618 5 0
12 404.56894190168566 650.4395115226421 5 0
14 849.5050035844071 865.7101236805474 5 0
26 905.6424548887089 122.72233743479477 5 0
28 124.42585119195793 672.0242060581068 5 0
32 578.1586884682212 71.75688017237569 5 0
33 153.91909167114525 70.31348911891067 5 0
35 262.88781042760644 318.21217108796617 5 0
36 495.3047080358549 894.5309376685885 5 0
38 716.2659856683239 578.7400422659575 5 0
39 874.4061992103235 493.6992670634862 5 0
41 12.256094613120716 965.8317484495038 5 0
43 528.0698610091927 333.71348860163255 5 0
44 540.7215170235431 448.7690497226421 5 1
46 167.88239113588855 754.8432027660489 5 0
49 202.89980648806926 562.7717048346782 5 0
19 198.98659690582966 595.5964356426539 5 0
21 725.5374379483508 714.0055788864489 5 1
0 750.9659044283854 334.8387557114445 5 1
15 938.3491043861709 935.7563371782563 5 2
20 694.6404109469794 875.6821931462194 5 2
42 716.7896168970695 794.2314906758459 5 2
48 513.8713933214652 818.479829293949 5 2
5 676.3118769204824 270.48750785189355 5 3
9 942.4542407741117 174.5451483993774 5 2
11 366.60690052443533 935.745368098901 5 4
17 786.2588895923366 49.0463295261403 5 2
18 746.576252095211 564.6630364738895 5 3
23 633.2739559715277 124.8345782248077 5 3
27 232.47043834679903 400.22447543789343 5 3
30 155.57286621306199 488.1833646923744 5 2
34 787.2396847053083 928.8176268510823 5 3
47 885.2262622707271 928.1194425073294 5 3
3 820.1928544328451 213.4697801026847 5 4
13 684.6344560400337 802.8576042367466 5 4
16 664.8443034800156 847.3391670152963 5 3
22 685.5913561416237 689.9753384936984 5 4
31 837.5116412586949 160.91835285949074 5 4
37 542.4226470075101 309.0857791159819 5 3
40 254.587887567287 988.6400560121233 5 4
45 810.1426528517958 902.8081202018423 5 4
4 644.2180737585328 226.90940066286979 5 5
24 292.80254944890436 992.8942948501357 5 4
25 505.1257515869123 881.5833818672118 5 5
29 676.2972502228878 248.40441272808744 5 5
