1 1 14
1 8 4
1 118 14
1 17 47
1 106 2
1 109 36
1 144 12
1 171 48
1 157 24
1 108 31
1 32 41
1 12 49
1 110 10
1 113 14
1 204 43
1 164 19
1 81 37
1 155 5
1 97 8
1 177 15
1 141 25
1 195 7
1 214 21
1 70 10
1 238 10
1 39 26
1 136 45
1 189 4
1 208 27
1 56 37
1 38 11
1 186 45
1 273 31
1 41 26
1 27 49
1 240 6
1 247 28
1 290 4
1 183 0
1 125 14
1 40 35
1 168 30
1 137 37
1 226 10
1 185 19
1 228 36
1 263 34
1 314 0
1 200 34
1 112 14
1 178 18
1 7 45
1 165 21
1 36 42
1 181 7
1 218 38
1 301 37
1 47 19
0 193 14
1 341 5
1 249 2
1 71 45
1 267 28
1 300 1
1 381 49
1 19 34
1 79 15
1 364 39
1 362 48
1 396 39
1 342 36
1 363 22
0 253 45
1 271 39
1 150 33
0 234 37
1 334 22
1 253 45
1 437 43
1 380 47
1 143 6
1 424 32
1 258 7
1 160 11
1 302 11
1 77 13
1 281 43
1 426 33
1 121 49
1 413 18
0 485 37
1 358 12
1 167 25
1 156 20
1 60 18
1 308 13
1 231 47
1 472 22
1 234 37
1 24 36
1 416 49
1 495 43
1 272 39
1 371 28
1 174 22
1 119 28
1 360 18
1 543 38
1 356 17
